3616
3132
4800
9678
5720
7224
6408
1573
9179
5296
3109
8270
4908
5833
2712
2413
9607
1219
1690
5269
8109
1911
8581
5159
5017
2439
4573
9945
5651
5741
5737
5859
4518
2285
5482
5709
4951
7967
6846
3860
5404
6716
3593
2667
1119
9034
9882
7558
8950
8722
5965
5162
9321
4271
7514
2216
4151
9313
4185
6377
9556
5023
5791
9963
5851
3683
4610
4066
5020
2328
7702
7066
9003
4598
7281
7328
2829
1270
3905
1504
6031
8257
9296
4016
5445
6882
2041
3124
4411
8172
1402
1251
6739
6534
8821
3799
5660
8180
5517
3538
5076
1903
5786
3067
8882
9836
4864
3912
3786
6121
6490
3542
9534
2307
8079
3115
3677
5742
2902
4413
4026
2916
3460
9771
4092
7695
4471
9913
9829
3361
5821
4321
6098
6632
6982
9748
6606
6128
5779
7329
6787
8832
1689
7468
7854
2822
6062
6120
2518
5502
8535
2415
1961
7085
1331
1701
5818
2509
2064
3029
4522
4201
6152
7003
4098
4800
6047
7209
5859
2542
1836
2117
4371
3094
6650
1087
7333
8972
1417
2809
7587
8838
1310
9087
5458
6755
1116
2173
9273
4148
7093
4608
8191
5919
5625
7397
4593
3522
6033
7661
7237
1356
2193
5842
6071
3071
2400
2283
2613
1706
9557
4515
4384
9571
2200
6432
3474
7833
9513
5824
9494
6040
6225
4165
5160
1030
7372
8913
8042
4490
3768
3301
4656
3460
7828
1131
7386
6359
8432
7339
7787
9619
6781
4194
8170
4896
9168
4703
6045
6853
4592
8136
5012
7989
3209
2769
7481
5499
2901
2196
1226
7021
8087
6588
1904
8979
1771
7963
4256
8483
5669
8772
5372
8437
9724
6723
5157
5537
1931
2144
1894
9641
7804
8946
8672
3560
2425
1888
6846
8762
5673
1483
1108
7709
6107
8207
8049
7285
4833
6072
2726
3270
7996
6945
2122
7218
7896
4480
8931
7826
1444
1918
8979
8953
4721
3970
8901
6548
3613
8525
3938
2758
8450
3216
6693
9928
4615
3065
5343
7222
3091
5533
1047
4060
3353
3831
5866
6303
5517
6215
5011
8720
2521
1526
9383
4691
8836
7789
3207
4846
6192
7949
5139
7357
5222
1912
5496
7690
2024
8639
6629
5897
6523
5062
4032
8962
5799
1682
3288
9096
1165
7490
5342
4966
1412
4995
7869
3721
1079
9797
2795
8969
2534
2467
3499
4305
7840
7168
8177
7405
5794
6821
1601
7755
6399
5319
3492
2827
5203
6085
5376
2992
1029
3823
1514
2912
9817
7025
7067
1416
5000
5023
2460
4161
3053
7739
2759
9479
8636
4098
5436
1255
4784
7813
5261
9736
4521
3100
3111
6515
2489
5860
5413
6333
6482
6288
1450
9835
5030
2557
3603
2076
4305
4504
6831
9866
2591
3435
7652
4402
7110
9148
6015
4396
1880
7366
8479
4420
3167
1352
6222
7750
3916
5524
9397
4553
8791
8227
7163
6242
7333
2179
4650
4657
5584
9338
9719
6776
1409
8180
6948
9248
9074
2625
3307
4590
3147
1978
5857
1683
7588
9617
5124
9153
7754
6536
9699
8473
4215
8418
5048
6641
4594
6774
1348
9922
8520
5083
1760
7248
8750
5101
6964
2939
7797
8492
7734
5331
2144
9685
8288
1616
1908
9994
1086
2863
9796
5637
6282
9208
6185
2299
6830
8652
2522
9195
9230
5069
1638
5581
1575
8645
4131
5407
1696
8016
6433
1651
3483
2566
9697
3244
5768
1848
1123
7239
6831
1988
2337
6039
8743
9148
3206
1056
5104
4624
3649
8637
3057
6308
7412
9654
2975
7996
1916
6521
2412
5139
5516
9064
8599
3027
8426
4523
9117
8015
6606
2036
6099
6053
4163
5985
5439
9383
2267
5007
5475
1776
7683
7041
5484
1628
9984
1944
2877
9688
1076
3540
7579
6000
6321
9785
5981
1575
7265
3941
3331
6097
8064
7101
5303
6861
6710
8648
8732
2262
4213
4315
7697
7440
5699
2323
7122
1272
8996
6385
6668
1309
1720
1655
9491
8818
5756
2881
4714
3325
2192
9895
8413
1961
4948
7647
3070
3008
7896
4095
1147
7749
7958
3880
3065
1645
2590
2262
2319
7989
3150
8579
5225
9343
4212
9900
6334
8470
8722
8740
6729
2145
8380
9508
2081
7957
1264
1196
1589
3978
4971
9650
8472
4791
7036
4625
3388
9274
8999
6646
2462
2888
7769
9692
8790
2306
1467
1447
5962
4624
7637
5333
2150
6048
8608
6441
1834
4063
7639
4001
5727
3720
5723
5567
7583
9722
3330
7900
5224
4443
3276
4240
9877
1931
1025
4311
1154
1331
4138
1893
9697
8916
3794
9082
9734
2540
3273
6545
7827
4908
1982
8162
3065
3101
2925
9551
4108
6792
1492
9628
1569
8692
5854
7895
2062
9986
7939
3519
3630
1653
9213
1650
8489
1950
2230
3342
3580
9523
3131
4872
4537
4471
7511
9643
6350
5013
9477
7441
7810
5094
8383
1685
5570
2338
5604
8136
5711
5291
7145
3130
6400
5733
5207
2705
8860
7409
3420
3013
1940
9497
7689
8420
5337
6526
2320
6049
6458
7005
4927
5246
9983
6376
5765
2211
7359
6344
1768
5111
2122
8856
6161
8235
5948
1741
3885
2246
5559
3218
9792
7531
8411
9016
8408
6743
9213
4243
5603
5998
9482
9983
8318
8829
7334
6593
2156
6850
1125
2762
9055
6679
2860
5366
8230
1326
4613
3923
2162
1062
5190
3293
3118
3700
5109
4758
3475
2141
4642
7947
1238
7743
4433
9081
2079
4760
4586
7894
1799
5982
2487
6637
7324
7445
8177
5665
9483
3271
2431
6026
1780
1749
6597
3862
1315
2484
3117
5478
2984
4123
1012
3497
4156
5256
1851
4831
8166
2755
2152
5043
9921
2827
5353
7716
9532
4868
5957
5197
2055
5857
6143
7719
7324
5750
5751
2968
6177
2823
9903
5581
2273
6140
1847
1187
8529
1150
2493
9739
5190
8891
1181
2388
1177
4893
1600
1147
6515
1616
8020
4629
5371
7250
2952
2797
7913
3390
6114
8432
6174
7929
7431
5046
3378
9197
5583
8899
4106
7363
5682
1587
7340
1611
6899
3157
2176
9944
3231
9222
9381
3703
7834
2134
9700
9013
4935
5952
9221
4552
1609
7810
6229
6734
6594
7445
1465
3378