3616
3132
4800
9678
5720
7224
6408
1573
9179
5296
3109
8270
4908
5833
2712
2413
9607
1219
1690
5269
8109
1911
8581
5159
5017
2439
4573
9945
5651
5741
5737
5859
4518
2285
5482
5709
4951
7967
6846
3860
5404
6716
3593
2667
1119
9034
9882
7558
8950
8722
5965
5162
9321
4271
7514
2216
4151
9313
4185
6377
9556
5023
5791
9963
5851
3683
4610
4066
5020
2328
7702
7066
9003
4598
7281
7328
2829
1270
3905
1504
6031
8257
9296
4016
5445
6882
2041
3124
4411
8172
1402
1251
6739
6534
8821
3799
5660
8180
5517
3538
5076
1903
5786
3067
8882
9836
4864
3912
3786
6121
6490
3542
9534
2307
8079
3115
3677
5742
2902
4413
4026
2916
3460
9771
4092
7695
4471
9913
9829
3361
5821
4321
6098
6632
6982
9748
6606
6128
5779
7329
6787
8832
1689
7468
7854
2822
6062
6120
2518
5502
8535
2415
1961
7085
1331
1701
5818
2509
2064
3029
4522
4201
6152
7003
4098
4800
6047
7209
5859
2542
1836
2117
4371
3094
6650
1087
7333
8972
1417
2809
7587
8838
1310
9087
5458
6755
1116
2173
9273
4148
7093
4608
8191
5919
5625
7397
4593
3522
6033
7661
7237
1356
2193
5842
6071
3071
2400
2283
2613
1706
9557
4515
4384
9571
2200
6432
3474
7833
9513
5824
9494
6040
6225
4165
5160
1030
7372
8913
8042
4490
3768
3301
4656
3460
7828
1131
7386
6359
8432
7339
7787
9619
6781
4194
8170
4896
9168
4703
6045
6853
4592
8136
5012
7989
3209
2769
7481
5499
2901
2196
1226
7021
8087
6588
1904
8979
1771
7963
4256
8483
5669
8772
5372
8437
9724
6723
5157
5537
1931
2144
1894
9641
7804
8946
8672
3560
2425
1888
6846
8762
5673
1483
1108
7709
6107
8207
8049
7285
4833
6072
2726
3270
7996
6945
2122
7218
7896
4480
8931
7826
1444
1918
8979
8953
4721
3970
8901
6548
3613
8525
3938
2758
8450
3216
6693
9928
4615
3065
5343
7222
3091
5533
1047
4060
3353
3831
5866
6303
5517
6215
5011
8720
2521
1526
9383
4691
8836
7789
3207
4846
6192
7949
5139
7357
5222
1912
5496
7690
2024
8639
6629
5897
6523
5062
4032
8962
5799
1682
3288
9096
1165
7490
5342
4966
1412
4995
7869
3721
1079
9797
2795
8969
2534
2467
3499
4305
7840
7168
8177
7405
5794
6821
1601
7755
6399
5319
3492
2827
5203
6085
5376
2992
1029
3823
1514
2912
9817
7025
7067
1416
5000
5023
2460
4161
3053
7739
2759
9479
8636
4098
5436
1255
4784
7813
5261
9736
4521
3100
3111
6515
2489
5860
5413
6333
6482
6288
1450
9835
5030
2557
3603
2076
4305
4504
6831
9866
2591
3435
7652
4402
7110
9148
6015
4396
1880
7366
8479
4420
3167
1352
6222
7750
3916
5524
9397
4553
8791
8227
7163
6242
7333
2179
4650
4657
5584
9338
9719
6776
1409
8180
6948
9248
9074
2625
3307
4590
3147
1978
5857
1683
7588
9617
5124
9153
7754
6536
9699
8473
4215
8418
5048
6641
4594
6774
1348
9922
8520
5083
1760
7248
8750
5101
6964
2939
7797
8492
7734
5331
2144
9685
8288
1616
1908
9994
1086
2863
9796
5637
6282
9208
6185
2299
6830
8652
2522
9195
9230
5069
1638
5581
1575
8645
4131
5407
1696
8016
6433
1651
3483
2566
9697
3244
5768
1848
1123
7239
6831
1988
2337
6039
8743
9148
3206
1056
5104
4624
3649
8637
3057
6308
7412
9654
2975
7996
1916
6521
2412
5139
5516
9064
8599
3027
8426
4523
9117
8015
6606
2036
6099
6053
4163
5985
5439
9383
2267
5007
5475
1776
7683
7041
5484
1628
9984
1944
2877
9688
1076
3540
7579
6000
6321
9785
5981
1575
7265
3941
3331
6097
8064
7101
5303
6861
6710
8648
8732
2262
4213
4315
7697
7440
5699
2323
7122
1272
8996
6385
6668
1309
1720
1655
9491
8818
5756
2881
4714
3325
2192
9895
8413
1961
4948
7647
3070
3008
7896
4095
1147
7749
7958
3880
3065
1645
2590
2262
2319
7989
3150
8579
5225
9343
4212
9900
6334
8470
8722
8740
6729
2145
8380
9508
2081
7957
1264
1196
1589
3978
4971
9650
8472
4791
7036
4625
3388
9274
8999
6646
2462
2888
7769
9692
8790
2306
1467
1447
5962
4624
7637
5333
2150
6048
8608
6441
1834
4063
7639
4001
5727
3720
5723
5567
7583
9722
3330
7900
5224
4443
3276
4240
9877
1931
1025
4311
1154
1331
4138
1893
9697
8916
3794
9082
9734
2540
3273
6545
7827
4908
1982
8162
3065
3101
2925
9551
4108
6792
1492
9628
1569
8692
5854
7895
2062
9986
7939
3519
3630
1653
9213
1650
8489
1950
2230
3342
3580
9523
3131
4872
4537
4471
7511
9643
6350
5013
9477
7441
7810
5094
8383
1685
5570
2338
5604
8136
5711
5291
7145
3130
6400
5733
5207
2705
8860
7409
3420
3013
1940
9497
7689
8420
5337
6526
2320
6049
6458
7005
4927
5246
9983
6376
5765
2211
7359
6344
1768
5111
2122
8856
6161
8235
5948
1741
3885
2246
5559
3218
9792
7531
8411
9016
8408
6743
9213
4243
5603
5998
9482
9983
8318
8829
7334
6593
2156
6850
1125
2762
9055
6679
2860
5366
8230
1326
4613
3923
2162
1062
5190
3293
3118
3700
5109
4758
3475
2141
4642
7947
1238
7743
4433
9081
2079
4760
4586
7894
1799
5982
2487
6637
7324
7445
8177
5665
9483
3271
2431
6026
1780
1749
6597
3862
1315
2484
3117
5478
2984
4123
1012
3497
4156
5256
1851
4831
8166
2755
2152
5043
9921
2827
5353
7716
9532
4868
5957
5197
2055
5857
6143
7719
7324
5750
5751
2968
6177
2823
9903
5581
2273
6140
1847
1187
8529
1150
2493
9739
5190
8891
1181
2388
1177
4893
1600
1147
6515
1616
8020
4629
5371
7250
2952
2797
7913
3390
6114
8432
6174
7929
7431
5046
3378
9197
5583
8899
4106
7363
5682
1587
7340
1611
6899
3157
2176
9944
3231
9222
9381
3703
7834
2134
9700
9013
4935
5952
9221
4552
1609
7810
6229
6734
6594
7445
1465
3378
3199
6318
1945
8741
8631
3419
6507
3184
8575
4945
8043
6072
8787
3642
4741
9098
2050
8148
9823
2750
1550
1628
3637
4649
9535
4106
3506
5170
6452
5022
7727
2062
6589
1696
2308
7022
9959
5421
7929
8878
2773
4053
4063
8121
7159
4106
2255
1656
9690
2139
8655
8849
7676
2382
1893
6588
8874
4484
6073
8825
9680
8029
8155
3893
6539
4429
3702
3372
3111
8223
5256
3640
9633
6029
8750
2327
8248
7554
9313
1691
7964
1854
1407
1602
6515
2329
7576
5566
8988
3267
1790
8855
9530
2903
8519
3196
2215
2376
2267
3617
5210
6540
1492
9106
8038
2693
1782
4070
7265
9030
1669
8575
6582
6283
7533
7133
6031
4097
4939
9730
5722
1572
7670
6624
9702
5511
7296
8087
8435
6918
2135
7547
4348
3704
6434
7913
2514
7257
3066
9562
2342
5123
2280
7937
7986
7684
8021
4590
3484
2274
7657
2501
4896
5891
4347
8769
3025
2482
5578
9089
9508
4827
8718
3988
5834
4672
1606
1057
4248
6164
1191
5576
7732
5396
5741
2684
7061
8630
6713
7553
7911
5953
3351
4818
5730
7180
6083
2228
3695
4011
7376
6799
1511
3283
5972
7114
3759
6023
1883
5557
6715
9251
8127
3346
7550
7861
9865
7525
8083
6988
1743
6411
2468
2417
6169
9158
4540
1898
6337
2942
9731
8045
1863
4884
8118
1818
1294
2176
3880
5737
2559
1450
6209
4994
1439
9813
4632
4147
4568
3255
2248
9748
4225
7838
8125
1742
8851
5549
2306
8386
8057
1923
5233
3951
7482
3357
1702
3939
3575
8705
5168
9962
1907
3339
1076
4005
3340
9797
8879
5353
9653
9119
9560
8432
5717
8303
5713
8261
5784
1634
1288
3417
1543
2456
7206
8250
6926
3773
6050
7035
5875
6019
9379
9263
4494
4501
4625
7207
5937
4103
2135
3899
1093
5897
1887
6117
8806
6434
5881
3569
6076
5569
9202
1264
1080
8151
7645
6444
1167
6241
7464
7070
9270
6905
5182
4803
5218
5307
7108
8797
4754
6149
6650
9006
6908
4048
8969
8687
1184
5540
9195
7286
1677
5615
7571
5310
8494
5781
9970
8960
8353
9876
4587
5392
8428
3135
3060
2418
8100
3682
5353
9107
8683
6109
4103
8628
6301
1233
3945
6281
2375
7863
5611
7488
9157
9432
1233
1565
2135
2191
6242
6827
1223
2955
5855
5444
2473
8864
8778
1569
8327
5285
6364
7733
3080
3697
6895
7675
5285
7607
3061
2097
7888
2176
4371
6988
4081
9143
6590
2618
7366
4111
9016
6535
2222
7865
5271
5239
2002
8690
6859
5123
3224
7377
1161
4974
2590
7415
9128
8567
1319
8126
4199
8617
4965
1868
4298
4949
7372
2921
8799
5913
5591
8115
5465
1162
1185
5107
3208
5677
5257
4648
5443
1780
6723
3466
9996
7892
7351
3425
5150
6130
7977
8516
9877
7550
2228
4365
9841
1703
9227
2689
1169
6150
7390
2821
8472
8495
8485
3148
1295
2442
3812
4390
1695
1088
6979
2931
1456
7617
4993
1549
1067
2658
4085
2890
9249
5307
3856
4240
7126
7719
9546
8884
7782
7261
9183
1891
5122
7307
8582
8513
8454
7522
4534
1376
6994
2468
3733
4728
3651
3634
4655
8005
8086
5018
3247
4398
3280
9318
4549
4930
3221
8008
4964
4149
4635
4857
1767
9328
9050
7337
7199
2486
9906
9824
3227
7946
3273
6755
7349
1422
7223
7778
3501
1679
4432
6447
4972
3868
5334
4049
9495
6853
2632
7446
2942
8329
7700
5311
1616
8159
2764
4181
7501
5454
1855
3009
6856
9984
8895
3049
7470
7705
1154
6279
4319
1781
2479
7043
1048
9472
1815
2457
3115
7911
4686
4013
3100
5747
5500
2603
7008
6374
3421
4371
5780
5998
9785
6417
3735
7830
8976
4971
3949
7540
2630
1035
9034
1925
8215
9948
4879
9636
5231
4498
2107
7898
8528
6410
2425
5784
8321
9800
1778
2456
4808
5768
2423
9897
7260
6564
7718
5248
8489
6628
8982
9979
7928
8939
8232
8298
5962
6462
8492
8495
6418
4064
4869
9964
5668
2352
2674
9091
2814
5956
3026
2360
5193
8959
9115
7899
4164
5029
6936
3106
5381
5992
1924
9828
1436
5971
7495
7767
5399
8307
2732
4707
6484
5686
1380
5856
8734
8315
9883
9161
9998
1689
8220
4276
4029
5156
9372
1985
5260
3322
8240
6776
6553
1987
1964
1920
2150
8263
8442
5162
6871
2137
6123
8932
5096
3905
2292
1617
9521
8536
7479
9661
1015
2188
4245
7807
9872
4635
5830
3335
9026
2021
9501
2231
3552
7634
7178
6141
1018
9546
4877
4238
8904
2011
4452
9439
1772
6813
1953
4853
2913
7754
8859
6700
1507
4729
4495
5773
2860
3009
6052
3032
3320
2010
5648
4097
4350
8312
5385
5759
6700
1553
8300
5935
5470
6102
1732
1783
7522
9558
4575
7959
3091
1285
6267
5394
9815
9539
6568
9969
4247
1817
6682
3937
4516
4639
8878
4651
5264
7561
1742
1313
8120
6448
5923
4857
2684
8500
9934
2090
5431
4079
3931
2810
9146
9581
6562
4010
2152
5368
9755
8177
8357
1895
2933
2533
9816
9206
2012
8529
8362
5818
6429
4304
4137
5339
9999
5688
8326
1547
8751
6865
9480
7101
6063
6772
5858
4191
8277
2881
8880
4394
1316
8608
2537
7640
4361
2297
7849
1437
7132
9671
3366
3149
8889
3488
1885
1637
3650
3944
7433
4670
8779
6842
5591
8949
6601
2624
3880
3558
1504
8426
5132
4198
7319
8194
3079
8823
3978
6688
6227
3334
5316
2098
2458
3240
9591
7027
2830
8555
8722
3604
3360
4858
7429
3465
7337
6784
8956
5234
7095
4630
9142
7945
7528
8071
2665
1187
4948
4008
1299
4479
7250
2317
5527
5988
5698
4303
3915
3256
2490
8930
5130
8082
2567
5714
7507
6865
1810
9509
4012
5078
5076
1195
7500
9931
2175
5739
4804
8487
6771
4688
3081
6186
9058
1040
6434
4227
4513
9236
6096
9473
5403
4347
9822
5717
1339
1370
5270
4207
6966
4246
7110
1984
3362
7954
2069
2204
8887
9772
2814
2226
3641
2145
5992
6132
5743
9481
9431
4377
3163
5253
2539
9170
8758
8549
1946
3258
3055
7630
7813
3742
1152
7265
5164
8371
9502
4574
5431
4695
8971
2655
6106
6192
3825
3449
8323
7249
9204
8429
1899
6883
3101
8806
8167
2704
6039
9426
9739
5683
8808
1043
1922
5827
5390
8712
7676
9293
9251
6172
8331
7225
7126
6248
4196
1509
8527
9524
6287
7526
8559
4000
3835
2350
5826
9033
6106
6759
1154
2352
4451
7493
8921
7300
2554
3593
2891
2319
8928
3689
5477
6662
1656
6165
7734
7362
9056
8693
8136
1996
9296
6303
1051
9614
1066
3692
6175
8812
9973
5242
7107
9048
7352
8692
7111
7581
7792
7453
3938
2628
3782
2963
5409
4074
1624
6560
3485
2571
4818
6725
1351
2887
3289
1327
9755
6234
8028
5723
2510
1914
8455
7805
4334
6849
4285
4108
1605
3227
2177
9274
4104
1585
9953
3311
8106
8307
9416
1373
2816
4477
7583
8903
1689
3848
8231
5138
4956
6361
1757
9253
8998
2231
4426
2093
7990
5494
3430
1129
8439
5280
5761
5317
2602
1091
2533
9074
8053
9630
1027
4081
1923
9981
7705
4848
1201
7412
4765
9326
3443
2583
3993
4392
6425
4352
9411
6190
2257
8906
5975
7591
6234
8730
6883
5433
1322
9254
2703
8654
6901
7438
9311
2264
6690
9950
7894
3156
8939
4493
2688
9404
4234
1880
9597
2487
2051
8904
2893
2107
5834
8570
7748
7843
4681
5437
3676
6267
8421
5662
8273
3592
8518
3991
7541
5837
2385
4830
7305
4791
7988
5145
7172
5626
6934
6432
2203
9781
1528
2547
7365
4401
6564
6938
4818
2679
4864
3459
1288
6831
2479
1126
6945
2908
5781
9173
5876
7820
3436
1823
9462
4078
4168
8212
2917
8300
9459
7642
1489
4720
8325
4845
3823
9827
8196
6270
4124
4088
8644
4610
4538
3432
8668
4499
6114
6006
8893
1764
6518
8506
7567
8494
5809
2483
8673
8344
4942
6853
8445
7667
9194
4147
2982
6267
1647
2198
2918
4729
3653
9699
7225
2165
2295
1570
8440
7201
8264
5906
4578
9201
6592
3515
9902
1055
1623
1300
9149
1755
3420
3242
1271
2287
4770
8210
2813
5880
7688
7669
8383
8744
9947
6682
3433
6153
8171
5074
4110
7172
3967
3813
9209
5144
7429
1898
4004
7662
3794
6579
9160
2848
9034
2214
3471
9802
6533
2384
2449
9528
3631
7245
3505
1271
5033
8827
6835
5689
7697
1540
1132
9240
3131
8529
5158
1771
4338
3371
2663
5454
3848
6093
7925
9827
8789
1326
9512
1975
8807
4459
9627
1184
5727
2417
8161
4138
9452
3952
4848
7057
7878
3379
7613
1912
1249
8563
4436
7000
8715
2411
6425
8308
5956
9367
4512
9777
4345
1886
6557
2779
8925
6622
2609
1299
5229
2598
4490
2589
1006
7550
8870
4613
6462
2579
6596
8529
5075
3208
5095
5426
8819
8126
6711
7516
9410
7323
2646
8941
4746
3225
7844
7114
3386
3805
2959
1981
7069
7408
2618
9443
6365
8770
1233
9954
4292
2778
5926
1543
8143
5234
7139
2189
6840
3119
1253
8402
8574
7711
6618
7195
1083
5195
4551
3808
1353
2908
7992
1354
8530
9218
1460
1513
6572
8863
7459
5962
9917
1041
7944
5510
1336
3047
4325
5342
7843
2819
7592
8289
6588
2845
6168
9888
7792
6177
3475
4945
4128
7615
3136
5263
7353
8552
7115
4099
6406
2792
5291
1492
8908
4615
4876
6561
7426
6153
5825
9175
6147
7757
6842
4223
9481
8371
1173
1870
4351
9830
8604
5288
3547
3162
3363
3751
5406
3687
5645
9629
2881
6195
7722
6145
7511
9021
6823
3477
6673
9853
7298
1830
2978
3890
5152
2390
8103
8396
3132
3900
4490
1952
4846
6274
3004
5105
1942
2774
5268
8459
8260
7322
2713
2202
2926
5103
8703
6890
3861
1294
2850
7784
2956
6159
8852
2517
7445
3834
6644
9235
7634
2819
4110
8608
5845
9283
4464
1096
7037
7913
6088
1383
2181
3167
7224
6675
8891
5473
5411
5263
3610
8328
6271
6789
3148
1389
3655
6483
9319
9337
8795
9054
1322
2761
3230
7364
6525
3055
1684
3251
5203
2443
5054
7815
8333
2696
5452
2481
7179
2203
7253
5859
5569
1159
5846
6535
9821
3524
7429
4327
3929
2173
2312
4648
4969
9944
8823
3448
8202
1921
4531
4638
2676
2872
1841
6480
2870
6297
8807
6999
8877
2818
2906
8104
6456
5790
9538
6868
3323
9600
3002
2422
5974
4044
1287
4660
3866
5087
6333
7175
6127
9886
8113
7189
2037
3484
9214
6094
6437
3862
1295
4971
5482
5600
4710
1602
3714
4882
7143
2662
6731
9085
5308
7764
9676
6696
5829
4224
8025
6647
7891
5318
5658
3227
3594
8788
9537
8940
3065
8300
7606
8970
2751
4512
1160
1123
2420
8902
2490
9343
5185
1139
1640
3136
6365
5340
8845
3733
7788
1511
6587
7854
5702
3672
1389
9417
6338
4599
8508
3531
6197
6759
7452
8226
7931
7178
6179
5055
5561
9688
1214
4697
3180
4958
9359
3124
5553
9506
3358
5049
5490
6413
5979
1399
1586
2682
4494
5511
3981
4755
9507
3717
6199
5434
2613
1498
5808
5901
5294
5775
9736
9515
4448
8868
1797
4011
3971
2598
5013
3531
2612
5846
9986
4838
3566
6022
2042
1391
4447
3375
7072
5930
1409
9743
6523
5794
3716
2294
6528
2861
8549
1511
9726
5323
2701
3683
1606
5533
9873
2104
6685
8723
1081
2897
7888
6726
6414
9768
7955
1676
1717
2031
9046
4689
7299
2939
2188
7914
3404
6225
9881
4397
1853
7339
5895
2845
4401
2147
4085
6194
5235
6392
9957
1501
8570
6134
6264
3089
3018
1424
3689
7988
5548
8792
5883
3365
7436
1463
7695
9087
4091
8553
8421
9395
3265
9295
7087
1197
7288
7432
4277
6221
9928
8825
2472
5054
4914
6953
3407
6771
2892
1226
3823
6732
7944
1089
3987
6352
5129
5015
2672
5221
4835
3576
1458
4354
5821
7464
9889
8198
9806
5989
5282
7322
1617
9584
6603
6697
7615
3797
2479
1176
4792
2914
7706
6263
2157
6861
4634
4703
5741
7509
4914
5078
8769
9810
9292
9102
6478
7769
4569
8045
5839
6976
6408
3941
6797
8376
1042
8522
9924
4032
8222
2364
5258
6645
1574
4114
8079
8631
7868
4615
1492
5695
6626
7625
8186
5549
4069
7971
2071
2687
6085
8949
7815
9907
9980
9658
8861
7117
5504
5935
5381
1052
5647
5283
3551
6142
6134
6377
8730
1628
6206
1322
7043
6353
7347
4376
3928
9315
4490
4134
6805
7588
1631
9779
4970
8571
3920
7573
1479
4051
6682
2585
4581
8669
7030
3145
5099
4225
1791
8183
3241
3168
8378
8006
3445
7733
6970
8911
5096
6650
1888
5993
8163
9262
9044
3778
6091
5764
4290
1482
3534
7375
7603
7199
7097
4033
3599
6346
4913
7467
9964
1992
1106
6439
9998
7877
2246
9233
9667
9227
5349
5380
1985
8625
6294
2344
5687
3471
3144
7097
9005
2149
2303
5892
8241
1682
2150
1946
1926
5346
1813
7927
5994
3105
5863
1492
2205
2037
2075
1136
5386
9712
5173
5501
1259
2554
8761
3039
3117
6813
9299
2871
1453
4794
3797
6286
7341
4945
1206
8597
6848
4573
8508
5961
5621
2910
5702
2044
2939
6976
3432
7462
4610
3905
7555
1211
7513
3000
8176
2006
7066
4657
4089
7371
5590
8605
2861
8369
2750
2646
7742
5574
4903
3991
3537
3165
1569
8186
9089
4483
4436
8628
4903
4592
7800
5643
1402
7656
4592
7463
5200
8873
2497
5686
7502
1518
8284
2058
1674
4058
7134
5485
1986
7049
4953
8805
8776
1448
3297
8146
5781
8277
8461
9523
7295
8417
1631
4113
8896
6009
9994
5004
1716
5212
3447
6849
6127
3367
3548
8797
1488
9100
5538
2539
3118
8545
8905
6953
9806
2421
9970
4753
7806
8293
1056
5499
9769
9197
6380
4816
8871
1682
4644
2281
9728
5028
3528
1910
7718
2241
4609
8786
4108
2051
3005
7651
2454
4116
4675
2264
2374
4976
1367
8388
3120
1929
7627
9455
3315
4016
9291
3435
4621
4031
1619
8643
3433
5707
9215
6960
4464
2711
9518
3669
9377
7708
8196
6186
7974
4156
5203
3751
8245
3702
2830
9422
6703
2035
7057
4122
6520
4519
1496
1151
1060
9091
8194
6199
9307
7304
8745
5995
7488
6878
6065
3459
8116
4154
6483
8060
6409
5150
1166
9688
5382
6146
7200
8844
8455
4304
9286
9666
9725
8837
4678
2623
4033
1211
4037
5471
9128
6460
2610
7692
5940
1130
4350
9206
5472
6009
5110
3780
3861
2421
7926
3952
9109
1144
7340
9457
6347
9675
4630
1402
9669
9686
3825
4064
5744
2715
3312
7168
9615
2021
9901
3711
1023
2966
1183
8579
4257
2013
7464
1359
8861
1927
9241
5900
5127
5292
1044
1522
4673
2274
7726
2166
8093
4767
4727
5277
2381
2703
3207
4519
2281
5454
9199
3791
4852
6951
9745
2367
9164
8459
7541
6992
6596
2518
1554
8094
1743
1187
3829
3746
8603
6719
8696
3634
9256
9979
3906
4899
2108
5347
2095
2902
8380
6323
2476
3080
7833
9266
2009
6828
2612
6590
1931
7203
1599
1079
1749
1468
5442
8344
9770
2366
5031
7247
2002
9882
7875
3998
1767
2141
5953
3914
5226
2755
8252
9801
2967
8256
7224
2848
8530
4919
7662
9106
7692
2758
4466
2541
3030
8496
5003
5647
7320
9098
8535
2870
9863
9418
2976
1148
9713
7144
7119
5993
4766
5064
9211
5931
7341
9112
4750
5088
3952
8885
3429
1620
2997
2738
6042
3014
7017
2104
5495
5532
7771
3953
2576
2160
9715
8045
1118
4802
8365
2776
8732
9332
5598
3435
2096
9357
7257
5767
2399
3157
6527
5552
7509
3159
3369
5806
8409
2660
5027
5174
3593
3532
4286
9095
7758
2128
5538
4497
7926
5427
2975
6096
9170
5047
4286
4559
9748
1675
5337
3566
6447
6538
4643
8758
4035
9047
5093
6747
4683
9172
2750
7496
8517
8074
4991
6801
9837
6267
5864
7305
9542
1051
6642
6620
2671
7685
3234
8791
1405
9898
3279
1668
3194
8740
1536
8769
3778
8872
8109
5024
7686
5346
2584
1369
3256
2827
4031
6459
8465
7093
2714
2385
5906
5727
6395
4785
3629
7307
6575
7489
8079
7077
4463
7563
7516
6423
7195
9783
6551
1199
3484
2606
7821
3066
6596
7236
3277
3057
1293
3840
7718
2554
2802
3158
9069
9466
8998
3435
5169
1885
5199
7152
5892
9912
2982
7679
3721
5542
4446
9938
2469
2887
4375
6460
5244
3167
2550
8335
7880
4834
8267
5780
7192
4477
6198
8490
7579
7176
7678
4229
6951
3087
9704
7327
3603
9648
4632
2581
7925
2319
7295
4832
2568
8044
2394
1260
2478
8878
9218
5069
9870
7593
7261
8005
4771
9403
3913
3474
3368
5013
2656
3652
5819
3773
2589
6916
1293
3064
5745
5648
7899
7868
3441
5012
9821
8291
4504
2458
1969
9731
2045
4346
2683
3139
1081
8708
5778
5936
3927
3562
5714
5734
8224
4531
2761
4650
7186
2346
1328
3404
1332
6837
4865
1602
5992
6025
5208
5007
3286
3347
5895
5810
8745
6345
5073
5179
3857
2823
2507
3240
5740
7054
5570
3222
1401
8639
1821
9531
9155
9389
6944
7400
9310
7384
9513
9812
3121
1045
3891
7188
5488
1947
6109
3007
6372
8304
4375
6125
4817
5154
8312
3407
1781
7890
8110
2609
1144
5195
3083
5084
6340
3257
9560
2585
3850
1052
6033
8744
6854
9579
7860
9638
8761
8709
9687
3613
5257
5210
8902
7781
6631
8136
3846
9264
4084
8387
1689
7220
4409
8764
8790
2905
1194
7282
7156
6938
6701
5693
6955
2072
4053
7390
2743
8122
8630
4341
9065
4441
5364
1683
2524
5760
5445
3414
3505
3056
5199
5979
9368
6753
9375
7813
3948
9437
7223
6171
9777
7991
8227
7464
7708
5465
7041
3284
6719
1203
4474
8688
4215
7759
9817
2767
2548
3320
1559
1560
9661
9267
7769
5319
1158
7462
5103
5539
6703
2086
6457
5722
8858
6805
2992
7225
7640
3847
6958
2800
7440
2581
1859
7602
4333
1107
2413
5850
4955
3292
3147
1793
4518
6557
8990
8620
5287
9047
4404
8961
5861
8950
3003
7122
3035
5342
1191
2371
3803
9502
7176
5478
8751
4636
2747
5702
3751
3392
2434
3792
8060
9821
3435
5381
7640
4306
4506
1700
5024
9246
5572
8620
5232
1514
5921
3287
7905
6592
6388
4147
6745
7121
9731
3386
5119
3301
9022
5425
1417
2051
4046
4533
3468
7153
5459
5489
7511
8509
9121
2988
7517
8617
8432
1840
9117
9013
7063
9437
4727
3623
9341
8908
6822
8693
1355
8456
3404
6955
8065
4478
7838
1488
8860
8429
3102
4883
6520
4848
9063
4579
7488
5521
9360
8076
7431
2368
7160
6589
8410
7185
3842
4677
9532
9107
6981
9094
6861
2196
2507
1835
4448
1122
1356
2803
2376
4732
3878
6239
5854
9863
1291
2072
1537
9949
6072
2905
5163
7808
5149
4988
7316
2789
5213
6968
3558
5875
8732
9168
4492
9506
7648
2575
6167
5152
1581
8520
9838
2022
7513
2602
3769
3834
3785
2631
2722
7734
6286
4478
1881
2669
4896
7239
3187
3702
5389
8100
5998
2033
4213
1991
7628
9110
6765
6325
8289
2173
9055
8362
4906
4191
9210
5935
4940
1444
3691
7086
9294
2918
7808
5510
4381
3907
6781
5929
7074
4448
6941
9595
4305
9936
1398
4902
4737
9908
3257
8712
6307
9868
9124
3790
9969
8748
9190
3162
8412
1354
3895
8759
2505
4219
8553
2661
1338
6029
6359
6808
1221
4623
6025
5651
2827
7973
3521
1258
5343
6832
9237
7013
8496
7098
2985
8824
7453
3599
9504
6159
1220
3663
2391
3175
2496
8047
4230
1320
9381
5752
8876
1934
9536
7103
8366
4751
4031
9323
6275
4191
5114
3086
6735
7471
8629
3162
4466
5980
1484
6805
6173
1987
3834
9111
9816
8330
8637
3720
3450
5210
8313
3511
8726
8856
4191
2853
8007
1043
3146
2071
6416
6256
5615
6666
1762
2890
5342
4777
8395
7141
9129
7938
1535
4033
1176
9040
6118
8171
1142
2969
6266
4591
6371
8286
3235
5338
6783
2643
1896
2932
3128
8453
6428
3979
2416
3784
3963
5714
6207
5683
4120
7600
1344
7987
3997
8157
6450
2083
3141
6720
6605
4805
5449
5395
9983
9763
8437
5816
9227
8246
1126
4005
2284
2232
3603
4634
4579
6629
7549
5859
4867
5795
8781
2681
9085
9050
3504
6340
3141
9038
6649
5915
1408
2690
8363
8251
4968
3559
2769
6941
8198
8851
3877
8546
8563
9268
7993
8394
9251
9747
1053
8386
8527
6397
9157
9772
1781
4636
4310
1680
3405
3293
3262
1457
7682
9107
1637
6218
1076
8673
7763
2319
9142
5876
3144
5735
8513
9566
2962
7135
9228
5399
9070
8627
7278
3638
9030
5757
6674
8158
2227
9959
3157
9892
6183
7205
7560
4924
9498
8100
3772
1947
2407
7680
7230
1606
3819
2657
7369
2922
1313
9420
4875
6013
9820
2152
2765
2546
1522
9095
5810
5802
5402
3789
5923
6869
9378
7037
2340
6217
8599
3190
7023
4625
4697
1732
4595
1926
4130
2827
4224
8939
2724
2207
9818
9666
5404
3143
3576
5516
4607
6359
1368
7422
3295
5325
9544
8463
5817
9907
2699
3453
6927
1347
3855
3344
3261
1321
6639
5110
2858
7529
7098
8294
9693
1202
7007
4424
5465
2299
2154
4913
9423
3305
5824
3260
1935
4034
8179
8292
5250
1132
4466
2806
4614
6031
8377
2035
4287
6201
8552
8428
6375
6080
2666
6830
7802
3522
4428
1492
5256
8856
3664
9436
3927
7217
6686
5474
3149
9267
1110
7008
9095
3244
1324
5991
4481
1278
6640
3031
5299
7721
6432
9258
9051
3195
8781
3847
6597
4131
2543
9795
6812
1443
7262
7362
3059
5675
1110
5546
6653
6761
6774
7384
8677
4990
6901
4884
8771
8205
5785
3672
9052
2117
7621
1798
1549
3526
2239
6463
9323
4576
3139
6543
3825
4334
9671
1142
7071
1002
5109
2202
8004
1242
6846
3864
8361
7320
8433
2017
3145
1919
5680
2577
3984
5233
2642
3747
6470
9469
8211
7975
7280
8734
9845
8598
5924
7959
6704
3229
1839
1435
2917
5565
9349
2673
9891
9979
9541
3172
6588
9850
8934
9680
8472
8718
7553
1984
8348
3932
8492
5789
6702
1198
4136
3977
7063
6922
9705
8450
1717
2666
5927
9210
8604
6462
1157
2762
3777
2917
2077
4887
3259
1811
2470
2229
2006
8284
1476
5248
8085
1863
6619
8345
6483
9790
9815
9293
2566
3961
9170
8978
5137
6738
1339
1354
6965
1923
3335
5778
3835
9731
2343
9661
6176
3576
1678
8177
5502
2623
8221
7659
9659
7919
7502
9101
9647
4723
2929
6110
2455
4630
3221
1419
6521
7848
8431
6953
8236
3279
3736
2500
9366
7993
5006
7857
7961
7469
7034
1992
9675
5570
1153
7373
8256
3119
4297
5886
3342
1826
2545
3847
4237
6468
1254
8817
6497
8513
4286
8745
8573
6237
1587
3244
1366
8314
8430
7184
3697
3286
5492
1270
8786
4394
9402
2444
9986
7773
7232
7839
5180
2622
6853
5117
4868
1113
6752
8104
6940
3360
2182
4199
9813
2843
8124
3431
1598
6387
6754
6022
5180
9056
6674
6432
4407
4530
5572
1450
6972
5924
3600
8092
2956
6660
1992
5580
1504
5631
4807
4157
1223
5466
2049
5807
4294
8884
3392
5055
5059
6759
7408
4855
4750
6461
1184
6761
9005
5103
8821
1156
5650
2512
2277
9953
6267
3208
5061
3576
4030
3012
9704
3699
1046
1643
4620
8148
8910
3484
9594
2466
9265
4019
3130
6559
7796
8554
9425
4629
2193
4252
5176
2662
6089
1981
6610
7619
9380
4253
4721
3116
8536
5683
3654
3415
9860
9246
2443
9052
2272
9071
4671
6044
6931
9770
1189
2905
9544
3539
7553
3897
3254
8822
4345
8340
9099
2062
8835
8741
7244
3391
5321
6006
9580
3832
3893
4443
6950
9511
3354
3353
7456
5193
3258
9535
5054
5257
7110
5514
5064
1733
6925
6959
3170
3448
1131
3266
4022
4841
8157
5171
8511
8331
2487
1024
1444
6054
4522
1381
4624
8892
8045
5344
1106
1229
9095
4833
5806
2243
1535
9558
3367
2002
1680
4565
8143
3951
9268
6915
7060
8569
6411
4098
5345
2453
9320
9478
8126
3451
5408
2424
5949
2326
4216
1452
8875
7009
4059
6573
7478
7837
2365
2433
5905
6327
5230
6039
6697
1294
7798
9284
6179
5130
9393
9989
7485
1152
8216
6582
2269
5402
2132
3369
4362
9459
3231
7331
6573
3504
2937
4528
7467
5458
7267
7886
5042
3601
9420
5103
7501
8922
1710
2161
3662
3776
2068
3408
1320
2849
1995
3491
1046
5143
5809
4939
7170
9607
1766
8583
1846
1486
5070
7893
4137
3863
7167
7835
4103
2082
3998
4635
4999
5943
6752
7061
4418
1215
4087
3527
7637
8819
9732
7816
1763
6966
5436
4082
9355
3149
2904
8013
8369
7616
8013
9944
2315
7016
2404
6562
7634
3559
3462
8255
9419
9112
2920
3486
6113
5507
7599
4679
3497
1227
5177
4506
1770
9683
8816
2650
9247
3434
6171
3641
8922
7544
4898
2237
8654
2256
8334
1200
5177
3405
9818
4141
7236
5185
7482
2078
8649
3665
9663
4011
3136
5868
3164
8436
5253
4602
7473
2232
5746
8457
6713
4406
4765
6283
8354
7120
5229
5907
6432
3536
5726
1686
7054
7803
5071
9959
6546
5402
7996
5819
6900
6959
1933
1931
3395
9244
3170
9711
9036
3127
9897
6295
1536
4698
7814
4053
9400
2030
1934
1167
6600
3568
6407
2584
3229
4956
6151
6734
9884
4030
3008
2390
4265
8935
5821
5411
6488
7996
3068
9838
1548
8531
8872
8479
4362
5583
6362
9802
1033
1322
6755
9685
9968
5562
9192
1046
1587
5764
1930
1409
9820
5301
9368
8414
6722
9888
1588
2193
7585
6457
1856
1315
6421
7992
3611
2254
9308
1202
7539
6630
3488
7665
1272
9363
3501
3219
1475
5915
1277
7136
1081
9412
9373
9524
4456
3927
1732
8261
6253
7136
8224
1359
3704
8266
7204
2595
4165
2240
2890
7102
5679
9406
2249
7134
9786
4893
7563
6159
3757
6893
8094
4435
9067
2557
2653
4016
3229
1214
8818
3994
6005
1941
3122
2746
9489
9103
1933
6767
3403
5624
7432
2921
7825
4932
2089
9109
5325
3822
9166
4985
4419
5502
1243
7601
2722
2669
3318
3578
4657
8109
9840
9516
2784
9092
1635
1733
2128
8831
3819
5000
2656
8114
5514
8581
2085
4957
3387
3874
2989
3467
2186
2495
3952
4172
7007
7166
7891
4914
9941
5065
4610
7001
9867
3070
8665
5392
7711
8398
9856
7780
4058
9603
2489
8659
7524
7615
6431
1325
2892
3129
6045
2471
8019
5699
5047
4802
8790
3959
1609
8184
8327
8487
5811
2463
9991
4388
8133
1749
8066
6263
2885
3395
1566
7715
9410
7687
7137
8763
2100
9081
8871
5631
4898
5751
1501
8290
5735
3036
2181
3535
7329
4883
9190
9394
6352
1465
1151
2699
2080
2272
3535
7084
7763
3336
4356
9356
7702
8409
6311
4452
9382
2715
5536
3375
9343
2718
1508
3791
1369
2597
9215
1242
2527
5261
2095
3260
1709
3468
7031
6541
3821
4669
8964
5827
4814
5448
3080
1682
2794
8997
7608
4040
8315
9201
6508
2390
8217
9313
2227
4520
7674
3107
3129
1885
2927
3133
2990
8793
6070
4613
9243
7344
7785
9127
5732
5230
6227
7045
2508
2682
9098
4176
7226
6801
9166
4685
1423
9422
2036
9723
1872
3863
1583
7425
1958
8851
3588
5261
9519
9551
8280
9670
3120
8680
3384
3387
2578
7274
8276
8604
8239
8375
6146
8926
7759
9460
6467
1325
3763
9941
6451
9025
6541
5793
8050
1419
8570
9192
7666
6369
8117
9760
3221
6749
8330
5815
9205
2884
1955
4883
6143
3882
1978
2397
3845
2658
4668
4285
6086
8203
8782
8382
4276
9343
8695
2458
4633
1965
5194
9168
4687
6110
2182
7921
5987
8516
7323
7651
6277
6199
2676
8285
2511
3081
7059
2553
3511
8265
5189
3775
9419
3965
5516
9950
4912
6928
6963
6821
8559
8019
9841
8560
1541
9775
2541
4150
5429
2713
5906
5767
7060
5575
9735
6499
1464
5399
4886
2990
3950
7470
7182
6695
7639
2181
9016
6424
7894
3280
5315
7456
1672
2457
7764
4275
3000
5321
6181
7355
4791
4647
5760
7576
8157
1689
8953
2131
9926
4078
7254
9992
2844
8518
7779
6570
5580
7209
6382
8872
2344
1724
5932
3789
9297
3619
8862
1021
3142
4600
3987
1507
2781
6273
4323
4400
2517
9432
3862
1399
5878
2268
9255
2507
2437
9460
4784
6113
5392
7708
7179
6554
4490
6912
1026
5321
8492
7749
8179
3091
6209
7975
7436
8636
6668
1853
4559
3125
6127
2817
2578
4419
9930
1019
1702
7476
6807
6317
5649
8483
7654
9945
9778
9251
9346
2359
5464
4887
9823
7083
2480
4208
2814
9835
3186
8192
5926
4950
6023
2843
7073
9727
2864
1021
4568
3921
4950
5654
9140
1116
8017
4402
6130
8190
2199
7318
6898
7150
5780
2725
9812
8945
5192
9320
9984
3207
7098
5044
5449
8599
4239
1180
6380
7087
8182
1215
6507
1816
6075
3589
3960
1878
2142
6516
8472
3870
3823
9871
7767
5856
1313
8805
8377
5547
6264
6271
3012
4623
7496
8883
1304
9878
1547
9150
7175
2396
6983
1855
7367
4326
7450
7038
9993
7647
4162
9211
3965
1005
6598
7050
2612
6849
2514
7564
9185
5685
6627
4362
8573
1313
7336
1850
3871
8342
9840
1988
5620
1459
1526
3830
7112
6990
8838
4884
9985
4002
1667
3075
4331
3294
4230
7764
5118
6663
1741
2550
1881
7084
6558
4788
4929
4414
2734
7646
9362
6403
7602
2387
9576
2056
5761
9923
7394
2563
1372
7499
9172
7675
6355
2178
3008
1759
2414
5752
7025
1203
2316
8111
7163
4154
3011
9377
8818
3877
8509
5897
6533
6337
2132
9181
6638
1934
6962
2249
9778
9995
7807
5607
9632
3055
9447
8458
7999
7459
6383
2595
1384
6260
7916
1354
4213
7348
4913
6742
9140
1839
5275
9439
3261
6579
9538
4448
7540
9449
5494
1483
5626
3553
4955
6885
6398
9330
8731
2168
4844
4878
4863
4575
2568
5211
6690
8556
5673
1054
6585
4133
5261
3291
1835
9614
4124
1543
7561
4576
3451
8694
5625
6150
9536
5225
5157
7880
5885
6687
6651
9720
2171
3332
1753
8194
5853
8735
3048
5729
3333
2013
5618
9716
4350
5803
8000
2416
6264
9832
2052
8151
1314
2993
2407
2038
3415
5271
8817
7148
9951
5875
4315
8062
6841
9041
2386
2407
7290
2010
3435
7637
3660
4923
6925
3895
6342
9003
4143
3370
6612
1682
6991
5307
3755
6517
9076
6271
2995
9510
6921
5061
3737
6449
5207
3333
9656
2041
8341
2419
3916
1272
1063
9083
5498
6349
8248
9296
2455
4072
4333
2960
1972
4633
8975
9343
3515
7343
8516
2564
6936
5300
3907
9352
2855
9973
8987
7994
4446
3184
4423
5944
8710
8462
7791
9297
5692
3688
3606
8981
6334
9973
5556
2373
4180
7833
7776
4751
6645
1442
6667
9082
5883
3948
9523
5104
4820
1333
7050
5881
8710
1442
3435
1156
5670
7439
5569
2417
3500
5726
4724
1434
7167
3951
1953
7807
5241
4334
3260
7520
4014
7115
3629
9941
9126
1818
5500
7242
8309
4034
6306
7382
7508
9411
3693
8803
9629
8664
8552
2896
1720
8213
2061
5945
4653
8338
5824
7136
7301
1965
3313
4245
1786
7949
5301
3441
5207
3578
8282
3872
6005
6755
7581
8893
7988
7191
6466
2359
4778
6261
2951
4705
6059
2719
9982
5728
5661
9697
5013
2557
5774
1728
8299
6706
2316
9629
8849
9761
7361
8080
1210
1720
9810
7817
4841
6393
7618
5986
6502
2654
6455
6305
3916
6698
5865
8218
4418
1306
6378
9392
1179
4962
6607
4596
5413
6420
9601
2510
6979
6387
4328
2384
8295
1597
5157
2379
7328
7007
7410
5377
5947
6579
3769
9329
4969
1421
6590
1488
6613
9563
3913
7605
8264
9618
5684
5941
2563
3893
9509
4157
8936
7233
4456
6822
3566
3948
4941
5491
5223
4683
4497
9958
3487
5571
7484
8456
9539
4143
5998
8407
4828
5792
3982
5489
5855
3475
3969
5671
3858
6155
2083
9237
2492
5968
5830
6446
8058
4264
2372
3573
9578
4689
1642
1062
5798
2824
6259
3698
5862
5092
5717
3010
2010
7268
1933
2714
9971
8303
8610
4935
1325
8450
2816
2435
7284
8515
5692
6573
3855
9053
9135
1062
7709
2156
8809
5973
9994
6984
6459
8053
9158
5327
5704
6620
2539
6659
5377
5732
2402
2987
7308
4231
6705
1388
5456
8963
5626
4920
3120
5413
5058
1423
1497
3409
5572
2570
2370
1504
6810
1271
3071
5178
8535
5997
2810
7979
8476
1425
6863
8666
6046
8186
3289
8220
1008
9383
6430
2144
2267
6041
8173
6635
2462
5587
6231
7371
9947
2117
6073
9841
3463
2911
9324
4752
8165
7635
7743
6674
1993
8051
8226
8753
6628
9906
4495
5458
1969
1534
1399
3710
7138
3203
7239
7235
9040
1979
3437
2296
1253
7873
2074
9165
3207
9590
8398
5992
3892
6258
4187
2516
4549
1804
3447
6580
3488
2029
5609
4070
9030
7982
2127
3594
7285
2730
6322
1521
5595
7470
9415
9939
9768
8852
5010
6353
8270
2327
1961
2753
9112
1097
9426
4983
4716
6496
1002
6992
6262
1168
1579
8994
1099
3882
8537
3600
3143
5673
6170
5410
3123
6717
1312
5041
8286
5400
1076
8111
6471
8486
3040
6357
3380
2299
5664
2894
1930
7604
5254
1089
3402
4719
6706
8580
2436
1494
9034
1275
8587
7894
8235
4704
7445
4678
5948
6781
8781
6427
1980
3837
1886
5216
5000
5720
8646
5259
4610
9749
9948
5851
8232
5537
3656
5933
4624
9694
7542
9430
6950
1848
4151
8331
2234
8944
2076
7556
2881
2827
6743
6071
3070
1493
7480
6904
2332
1855
4560
1462
7643
3120
7342
4801
6612
8335
1204
1959
3379
2238
9109
8887
2720
2122
4893
4813
2538
6983
3853
2603
2233
6137
9337
1272
2334
1101
9248
5234
5553
5077
6360
7304
3950
4291
8123
8154
2086
5229
3161
8082
7109
3414
4636
2459
6429
5086
5738
9167
9519
1663
6019
6664
9825
3640
6535
3084
5112
6415
3514
2739
3619
4951
6176
7652
6121
2194
5279
4515
6825
8239
7221
6687
1236
6516
8687
3169
7137
4887
8634
2223
5965
6062
9418
9269
5068
3814
3301
9453
5497
4401
4147
4822
5149
6161
1733
1040
9368
8057
4791
5807
9033
2434
2474
4085
2483
8410
9402
3954
6463
2002
5009
8703
1800
6054
8927
2481
5751
8415
3223
7232
7979
5653
2223
6815
4412
7486
6547
2478
3021
3052
6686
1698
8708
3970
9318
6695
9119
5078
7946
2268
9476
3586
8811
1364
2692
5685
8157
8517
7942
8983
7137
1305
6196
7617
8368
9394
1228
9634
8270
4963
3069
1839
7744
2601
1316
6570
6483
3440
9146
5483
5915
6178
2019
6372
5140
8138
8446
5509
7401
5655
3244
4400
6087
4644
5623
2344
3092
3068
3872
4306
5410
7658
1965
9110
7890
1863
9445
7031
3022
7813
3066
3972
4736
3472
2346
2339
2408
5644
9393
9740
3438
1746
6710
7745
6204
2004
3904
4453
4199
6983
2253
8522
7562
1713
1952
8901
3823
6424
5725
4404
6435
9250
2529
8607
2269
5443
6003
5580
6963
9880
5160
4477
3344
6002
8048
2724
3998
6918
9299
1878
7244
8514
4551
4997
9188
1050
1130
2032
9100
6240
8654
4613
8678
2714
3325
9479
9342
8133
7154
3994
9664
8864
4498
1275
3052
1219
3357
7461
2023
4438
1949
8326
6559
8494
5498
2448
1547
8554
1095
9075
9044
1060
9356
7752
2259
4891
7849
5608
8417
7100
5268
4178
5037
8817
2472
2044
2669
7506
9994
1577
1965
7288
6312
8361
9485
7497
5401
2982
7418
5525
4907
6042
6163
2503
6653
8750
5750
9863
5497
5182
7903
2692
2997
3792
1724
4351
3319
9667
2440
6690
6315
2444
7394
7303
8482
5795
2521
5630
5808
9492
1502
1470
5930
7713
8342
5069
5403
7197
5555
6067
5714
6556
7374
6432
9553
3119
4115
5021
5835
2859
3688
3752
3307
6313
1291
5337
4262
9680
6520
1073
6693
9485
2380
5523
7761
1629
6945
1283
4058
1953
5037
5250
4606
4472
2833
8796
9331
1811
2732
7064
3193
1218
6826
4526
8287
3452
4188
4744
9120
3979
8613
7975
3033
6846
5670
7358
6971
6960
6230
5467
5839
1782
6850
5650
3699
5621
9821
4220
5903
8361
4628
8788
5116
3427
2697
1266
1354
2154
7537
2337
7260
8898
3828
4251
4091
5698
6697
3108
9587
5215
9851
3067
9582
9134
3620
9525
5123
1671
8525
8204
2683
7221
5303
7149
7776
7210
2265
3103
6690
2863
6238
1679
2327
5704
7682
8337
3909
8310
6241
1649
6151
1119
3604
4431
9395
7784
6657
8264
2836
6698
1485
1409
1249
6410
4329
3575
7753
1427
7247
2906
6129
6062
1151
3736
6707
1393
2162
1141
4156
6918
6258
4936
6987
3506
6444
9305
8393
6718
1491
5439
5329
9186
7602
5086
5686
6789
3798
6325
3955
2857
6366
1222
4763
2044
8656
8214
8582
5553
7801
8708
7252
4421
4040
8439
5329
9861
7631
9095
8949
9532
6551
6894
1959
1675
8328
9912
8597
6801
3362
8212
3363
3722
4146
9487
9229
7676
1012
8670
4627
3068
4434
4673
8888
4647
7582
5248
8094
1925
7082
3069
7499
7791
3617
3264
2584
1217
1681
4393
4835
3011
5616
2152
8379
9945
3864
3913
9779
1403
9953
8900
4646
5783
6121
6784
2133
7657
7042
4471
7207
7420
9088
3085
7142
9475
5813
3698
6010
2944
5283
1735
4372
7574
1670
8613
5897
4450
6612
6345
2113
2652
1185
2387
6027
3132
6443
5918
2111
4799
5510
5658
6383
8728
4357
1981
3579
4043
6919
4304
5735
5445
2562
7981
6179
6447
4646
1655
5192
2257
9000
5682
6626
7124
7425
8505
1550
3904
7547
9750
5489
4212
5880
8148
5954
8211
6014
1952
7893
4403
3627
4094
4973
4194
1033
2912
3549
8121
8838
9921
1308
6258
3738
2032
9899
7726
1638
8768
8355
3967
5350
7332
8136
1028
2506
1864
3964
8787
2975
7114
2433
8032
7637
2247
3863
2796
4108
7811
2310
3969
7384
3464
4737
6090
3734
4191
8951
7447
5506
3917
5335
4365
6063
5972
6823
7668
1481
4683
1897
3963
8579
9360
7131
2702
5248
7393
2305
4983
3920
7154
1114
3243
9193
1576
4531
8979
2887
3220
5795
5634
4818
3332
2333
5142
3114
2259
1915
8704
1762
3424
7622
1710
5950
6685
8511
2008
1538
5446
3048
2719
3616
8001
2636
7737
9557
2453
1415
2506
9649
9978
3107
5340
7970
6624
6105
7719
6044
5260
2640
6539
4919
2293
6429
9106
5556
2109
6544
2155
4621
4059
8686
3825
9841
2013
5368
4466
3952
5754
1328
7579
8273
7349
8435
9945
9846
5990
7991
2514
6496
7643
3698
9122
3733
7236
9236
3154
5314
6476
8363
6650
2926
8091
1457
6479
3870
9041
5676
2808
1070
7868
8561
5618
2882
9314
7230
3788
7761
9850
9163
9068
8891
2085
9972
6824
9999
9234
4822
3729
5724
3847
7483
9850
1130
9228
6924
3174
4691
1657
9570
4983
1203
3255
5792
4659
8825
7172
8473
2561
4321
9416
9865
6650
1376
7005
5595
2002
5067
1435
8287
2469
3252
9713
3053
8710
4099
5080
9179
5139
4333
5481
2326
8284
2451
2439
8888
7723
5609
1447
6711
6693
3025
6268
9782
5766
9979
1015
2338
3371
1052
1051
5603
7553
1161
5510
4077
8331
6038
7028
3938
9392
4135
3150
6710
4683
5633
3656
2726
7340
8654
7223
5045
2268
6692
4025
7325
1166
6225
1679
5358
4768
3613
6101
9215
9545
3868
1955
1142
6988
3343
5548
4781
7443
6381
1915
5331
3215
7323
3925
2076
6755
9445
8585
6935
7345
1216
8084
4754
2740
8062
9058
7451
4965
3340
2439
3901
3296
1763
4619
4125
1974
7361
6331
5193
7558
5764
4404
9324
7373
1635
9835
8856
8525
5385
3488
1192
6465
5127
9577
1641
1918
9900
3027
5477
4980
3171
1987
8987
2924
1498
8794
1862
4037
3570
2727
8080
2327
6616
1142
4907
9456
1383
1454
7093
2252
7111
4608
8445
7847
8142
3860
2094
5902
6449
4974
5591
7804
6672
3133
4348
1128
2779
2484
7388
3796
4893
3602
3688
2200
7156
7044
4453
6637
1801
6602
6198
4966
3154
6750
5898
3592
6761
2224
9269
3162
4993
6383
3533
1439
6325
9339
9284
5768
3709
3982
2388
3423
9085
3897
2820
3215
3676
9026
3502
2743
7582
8602
6018
1629
6358
7637
7802
9703
5604
1899
8771
8412
6535
5739
8245
3121
2047
4839
6135
4376
7145
5387
2138
8227
3136
1063
2032
6398
7796
9476
9977
3179
4610
1987
9642
8702
8408
2673
7282
5929
5155
9639
1266
3386
3447
2853
5073
2679
6482
5511
5649
2204
9029
2599
5378
5148
4096
7658
6264
3115
2673
7839
1595
2436
7689
9793
7779
5022
3403
5566
9814
5721
3426
5593
3880
5263
7390
6738
9958
5189
7978
3292
1559
9928
6789
6959
3791
3341
8211
4484
9904
6281
2263
2878
9992
8151
3751
7400
1890
1600
7436
7441
1113
6956
6253
6292
7096
2830
9031
4084
9727
7718
2419
4309
5499
9056
1884
7302
6117
7138
5603
6874
2997
8331
3481
2941
9171
1119
9704
3316
6801
6279
9030
8405
9328
8181
9695
9158
9494
7605
5630
9049
6089
5999
6017
2365
5547
8880
6550
3128
4874
2392
9669
3760
6306
6247
3843
4497
6377
8081
4575
4800
6870
1313
9286
8254
1583
3569
2718
9649
2702
4439
1184
8532
1312
5611
1439
1671
4042
3837
8680
9369
4296
1195
6437
1417
7099
9440
5690
3541
3453
7760
3834
3841
3324
7440
2958
1337
2937
3155
4436
9522
5069
2271
5081
1466
8191
2207
9955
1952
7620
2817
1253
4678
2539
3630
9167
9875
2140
6698
9665
8109
6052
3673
5356
7323
8799
7354
3173
1497
2587
5320
1479
9325
7957
9779
3316
2414
7539
8078
6911
5244
5461
8129
5385
2722
4920
6254
6975
2176
8121
6529
3780
6365
9202
7488
7680
4970
6524
3850
6012
3938
3593
7260
3025
8405
4116
1574
1813
2604
1944
9636
4529
3606
6706
1817
9153
3481
4651
3310
8104
3717
8286
3728
4200
2498
1611
9152
5803
4225
6525
5124
1930
2056
4382
8458
9719
4511
4909
3596
2064
6440
3825
7239
1843
4940
3069
8165
5384
2960
8912
8211
7408
9382
7327
9293
2144
7135
8274
8981
6850
8222
1896
6051
9608
3656
7839
8742
4981
1440
4084
4945
2282
3743
8059
2345
4034
4248
9164
7378
8243
5713
2770
5272
1881
4806
7121
7091
9625
5032
6748
7405
4207
8795
9896
9909
3124
6317
3984
1990
2063
8849
9293
5313
9239
7412
8474
6654
4186
9935
8962
2738
7821
1034
5550
9602
4521
7090
3903
5102
2838
5410
1388
1073
8615
5701
5721
9541
2913
3907
7252
9411
9209
9905
3205
1616
6249
6171
8985
6003
6911
7621
3779
6186
3059
3375
1528
5893
8306
7934
9005
2306
2499
3375
5127
5983
3830
1711
5151
8447
1796
4654
9648
5251
2391
8435
2014
9114
2791
3904
9773
6051
8053
1749
9291
3191
8152
7170
2243
8068
5137
1334
1015
5675
5781
2293
1865
4907
1592
5375
2806
3431
2400
4139
8087
8602
4613
2082
7550
1083
7442
7440
1338
5731
8832
4772
3718
1219
7568
1681
1676
6835
4675
5830
8977
4093
4896
3888
9637
5480
2112
6487
7410
5577
7698
5309
5855
4091
7086
2163
3832
5271
7280
6150
9299
8023
4083
1422
3449
8268
2088
9824
2150
3151
3834
9833
5256
7212
3926
1050
1568
4067
1980
5804
1480
5321
3828
5585
9362
4875
4920
1218
3408
6666
1893
9590
4133
4010
9164
6151
7238
8692
7155
8593
9343
1068
4355
4156
6718
3124
6901
6161
1726
5759
5006
2650
5427
8147
9853
6649
5908
6965
9141
7914
6314
3344
9435
7605
2483
5392
2190
7771
2219
6225
7789
6906
2720
1773
3801
2211
3065
4250
1985
2689
4875
3617
7420
7652
8919
2195
9679
4555
9266
7510
8066
6352
5106
7333
7129
2230
7986
8446
6588
8853
1523
3925
3979
5550
5848
4142
9746
6058
9828
2520
5333
8540
5482
5044
2944
9655
7712
4437
5974
8866
1040
2297
7172
7073
4700
9037
8976
6541
4446
1680
7451
1035
3434
5798
3633
9737
4545
5428
9385
1941
4107
2723
6829
8696
9975
9997
4056
5887
5146
2765
1254
7187
6018
5379
7197
8702
3565
7901
1686
3582
2931
2345
6624
9135
4917
4582
3841
8472
8840
2091
7338
2799
4554
5367
8302
1184
5792
1384
2646
4304
7409
1535
3548
2121
4539
8752
9402
3126
7736
9279
2463
9902
5684
9590
7925
7661
9190
2843
9170
9686
3016
5078
6176
9085
9221
7888
3339
5504
2079
6944
6159
6062
5706
8543
8996
3688
9560
8619
9871
7772
6705
6032
8886
8096
8086
9762
3479
8299
4587
3304
5957
7263
7695
6530
3784
4907
1953
7267
3513
6525
2304
4969
8375
1476
4599
3697
6376
5764
5084
1360
2448
8531
4892
4140
9239
7256
8484
4762
4530
1779
1494
3888
3832
3295
1414
2762
8615
1660
6160
1914
1979
2698
3001
1560
4426
6448
3374
3713
9407
7962
8532
7972
3536
5504
4413
4448
9350
6315
7892
2545
7698
2978
3525
8065
5702
8283
4012
8379
4551
8454
7032
7154
4653
2987
9116
7312
9812
5964
1346
7380
9834
7252
9292
2027
6125
6967
3192
6206
3400
4291
5383
3676
3626
8100
6603
5486
2604
8158
7331
8072
6725
6611
5828
6976
7764
2652
6669
1303
3480
8492
4359
5620
1191
6441
4743
7992
3322
6515
9482
2212
8369
6607
5068
7214
5240
2141
3740
6043
9269
9844
4192
5438
3405
2376
3496
6726
6459
3026
8146
9446
2484
7438
5473
6590
3290
3490
7226
2479
2522
1082
2910
6852
4324
4184
9757
7876
8263
2328
3437
3995
3310
8106
3934
2592
8427
4289
5193
9378
5366
5920
5949
8691
3531
9020
3893
2223
5949
6181
8721
6501
2682
2182
6696
4820
2941
7916
6615
8825
3658
3603
1896
3444
1474
2339
2218
1635
1291
5169
7065
4846
5690
8082
4946
3274
3168
4811
4438
2745
3487
2733
7528
9246
7223
3332
7396
5254
8105
5622
1453
3514
6503
8776
3795
7761
5109
4019
9920
7842
2153
3662
3942
9416
1667
9989
4374
9414
9808
2215
2847
8409
2953
6462
8010
7677
5851
6344
4350
1200
8907
4018
7948
7026
6536
2563
1105
7902
6996
8318
6651
8130
4296
1794
2578
3330
8612
6684
1125
5596
4144
7028
9334
2084
6137
3997
3987
9487
9499
1141
8826
3788
5559
5348
5560
7230
1330
6058
6302
4015
2907
2433
2600
8951
8686
8210
6571
2674
5569
9899
6451
6751
8402
6758
9262
1868
2907
3468
3489
9983
2827
5512
7165
2384
7874
6041
6428
7802
9897
5183
9206
8480
1012
5855
2235
4980
3349
9489
7364
9290
2198
1927
4107
7692
7123
4488
6539
2759
3425
1082
4854
8034
2767
8621
9153
5806
9488
9956
5214
4281
2153
7775
6741
8637
1077
3876
8031
3013
3547
8013
1978
1824
8080
5474
7154
4374
3759
8519
4674
5335
3898
2656
8902
8131
5003
4104
3220
5276
9819
2249
8263
5944
5230
5350
8736
7834
2202
7277
7065
9472
6066
8856
4647
5447
3443
4810
1140
1410
9274
4775
4893
7074
3887
9620
7343
2215
8955
5797
5857
6269
2257
7717
9782
5002
5996
8440
2825
9235
9997
3653
8221
1646
9063
3879
2608
8930
5010
4059
4460
9539
3511
3579
7578
1290
2686
8609
3003
6433
4810
7471
6748
4852
6894
7035
1269
8027
1311
7785
1270
8044
2965
9520
1374
4965
3214
1198
3202
1183
5681
5079
9287
3926
1676
4609
3220
5397
9683
2811
6302
4606
4134
4611
6537
6991
6485
5791
6312
3592
7010
6980
8762
5913
6299
1354
2137
6817
3523
5793
9232
9185
7221
2332
3672
1599
1988
7099
3231
9974
1481
9342
9550
1698
8689
7309
6949
7161
2146
4286
3597
4301
3403
3222
1737
3062
1549
5632
3226
6053
3738
3667
6238
7092
2481
9549
7092
7064
7226
4934
6279
7984
7892
7295
1013
5680
9601
6681
3546
7806
8794
1530
4430
3869
9956
5083
8143
1992
3519
2173
8740
2278
8479
4625
2968
9387
1393
1222
6127
9832
2620
8453
9232
9905
4401
7465
7631
3996
1504
7571
3902
1290
5152
3793
2615
3301
4907
8454
9713
1609
4796
1301
5772
7519
2806
1247
3818
2908
4386
2364
8917
5233
9212
4566
2871
8252
9723
2881
2266
1843
4795
3662
3940
4336
6673
2215
6310
1872
5834
6341
3985
2950
7584
5773
5166
9869
9018
3409
8529
6802
6863
5730
9289
3080
4631
6043
4263
5836
5726
1825
6896
7385
5982
1935
4504
1486
9912
3150
1517
4803
8382
9226
6373
8499
2032
6239
7421
1323
8897
4370
7384
9473
5629
7148
1368
6160
4041
5233
9851
9831
3687
3071
3693
1505
7261
7530
8342
9871
2113
4292
5512
2089
2835
1362
2848
5565
8583
4945
1230
8422
2949
1223
2074
3813
9911
1183
6037
4101
6918
4788
2673
2744
7538
5438
6582
4311
9012
6603
3315
5359
3713
2332
6373
1615
7133
8208
3614
4662
1697
3071
9973
9201
6028
4612
8829
4250
9865
9142
8109
8004
4994
1512
3116
8371
1169
6675
7375
1233
6223
2237
5425
9722
9291
1475
8318
5889
8856
5034
1347
7435
8779
2547
7789
9649
4192
9645
8332
9604
6312
5477
8588
1977
9561
2224
3865
5492
8490
2257
2988
3992
6257
3349
4966
6876
3796
3716
5511
9706
9944
6018
9771
9993
6825
1707
3259
4362
4126
1598
6020
3351
4840
4120
6173
9031
2831
5449
4498
5359
2833
7916
6288
7699
9184
2055
4245
2681
6919
6859
8733
1270
2625
3517
3099
6186
7501
4331
9066
7759
1434
5402
4223
3991
7619
3508
6494
3995
5528
3471
4405
1816
5577
9032
9376
3403
2575
5679
3426
9629
2688
7596
8452
6466
2542
4719
1974
9900
4022
7709
8807
2852
7616
3166
2635
1936
2407
5764
8240
1136
5015
5806
8516
4211
8718
9458
1439
6423
4625
6409
1193
9389
2564
3843
8768
8474
8333
1036
5759
7929
6389
4111
9894
2926
2812
1350
7506
6334
9072
3644
3258
3635
1770
8393
9357
5404
7781
6149
4155
8832
4747
6112
8638
8067
9102
6917
1460
2129
7808
1015
1980
4927
5128
2020
3603
9601
8618
1454
5098
1174
4729
4048
9126
5991
3739
3262
9451
3455
7417
2341
8141
5429
5426
4745
7565
8964
2475
4781
4557
8851
9589
4989
1032
7936
2754
7312
7513
1736
1981
9714
7934
4434
9110
8165
1344
2817
8287
2207
6802
8704
5015
1070
7428
1048
3896
6864
3019
2876
5446
2376
1302
2390
6470
5114
7768
1882
8136
8320
3981
9200
9523
4829
4418
8999
5652
6494
9830
7157
2434
9889
4327
4995
3106
7589
1674
1869
6794
8137
9635
7719
6019
5073
8757
9003
3928
3922
4054
6520
5949
9775
4930
7828
3214
8772
4019
5969
7462
6728
4378
2118
2569
1407
9876
3236
9838
8941
6940
6617
5276
5255
7809
3394
5135
8268
4980
5704
5783
7969
7432
1525
4966
6585
9509
4065
4556
9203
4883
3549
8249
2917
2664
1048
1270
2831
3047
7287
5784
9562
2973
4503
3754
2792
8393
2799
3037
5285
2255
6177
4647
3458
9464
3991
5310
7010
2306
1162
5463
6686
9360
3925
6128
2923
1622
5544
2309
8907
4819
9169
4683
4857
3394
6956
3807
4270
1447
5923
2690
2472
9603
1385
9996
1202
2356
9281
2209
1503
8005
5748
8172
6144
8021
3262
5559
6669
6422
7410
5132
5840
4908
4612
8539
9741
2583
3500
9953
3365
8743
2715
4809
7074
2628
3173
2674
8501
7559
4366
9292
1595
3433
5434
6279
7654
3646
6853
7995
7216
5652
7577
4438
1730
5190
8805
8989
6106
9984
6474
6459
5379
4454
2505
8815
3774
1301
7128
3260
3119
8942
1748
4026
3266
5699
2681
9613
7660
3175
7028
8711
6158
3862
4329
8599
8540
5021
1424
6909
6660
2408
5091
7384
8594
1535
5274
1174
7777
4732
4975
2280
8883
8651
5038
2296
2897
9238
5924
1239
8510
6748
4825
1943
1029
2422
2711
1714
7380
8390
4746
7366
9096
5588
7794
4597
9040
2574
4763
7373
8613
6330
7286
4272
2918
2892
2536
1121
2811
1023
9200
6604
6136
7586
7110
5432
9265
3872
8071
8149
4548
9483
4213
2612
5761
6895
7195
2255
4302
5167
6478
7381
1616
3094
6128
9946
2852
4691
8414
6569
9588
2554
7384
7447
6165
4843
7113
4342
6452
1642
3732
6466
4713
9106
4734
2435
6476
1014
8427
2200
6987
9942
5553
8996
1693
7450
6809
7360
3121
8822
4300
1813
3432
2602
6817
3852
7586
4549
1820
6700
5980
2781
2267
4606
9742
1030
1970
7553
8851
1261
3902
2237
5338
7391
1735
9030
5009
4515
7486
6023
5489
1048
5766
1968
1956
3036
9063
9486
5323
5443
3373
7622
4260
1136
6783
4181
7721
4547
9403
3879
3996
4375
4063
8322
1798
4943
3339
2774
9207
6156
8698
4835
6663
2725
9104
5135
9259
2508
7533
4915
2180
9969
2622
6832
8057
2581
3981
3179
1916
7141
2519
3619
3834
2497
9267
7219
3516
1616
3227
3096
1651
5986
5179
3480
9720
6714
7934
6925
7537
6405
5415
9397
3696
1635
7149
4303
3093
5993
1704
6900
6636
1529
6648
9808
5345
8967
2174
2836
4472
8200
3553
6145
6209
2585
9178
9074
4792
8993
9228
5430
3931
7484
9410
6465
8612
8933
8685
9503
5822
7176
2965
4780
7333
5353
5572
2803
3942
7420
4618
6672
1086
2306
8843
9052
6998
8876
6829
4205
3211
9960
4814
7735
9252
4949
2954
8100
1300
6996
5937
9691
4600
1389
6983
3095
4595
7419
2790
6927
6244
6301
1478
5133
6873
9426
5908
9710
9021
4272
7968
7637
9692
4465
4760
3572
8952
9027
2178
7104
2804
5851
4991
3711
5189
6725
7067
9777
2793
3002
6769
8584
5695
2910
1532
9582
6326
6628
4184
9305
9122
5321
1990
3758
7201
8258
9830
7759
2563
9883
3487
8250
6848
2893
2050
6480
9083
9323
9677
5237
4804
9162
9531
4843
5748
6274
9264
8630
2617
3069
6282
9652
4833
8178
8228
2819
8500
9630
1876
1494
2546
7729
9628
5326
6747
9200
6238
5673
9869
3013
1088
6657
9608
3951
3022
9875
9606
8726
3959
8986
2414
2975
6664
6905
2479
6176
5893
2202
4978
5114
6190
9125
5792
5680
7734
1487
8402
9928
1318
7166
1288
6916
4072
3391
2737
8693
7888
6589
8817
8374
1789
3943
9800
9392
4693
4964
1231
3623
6710
3301
5454
2736
8201
8127
8185
5589
8392